1 0
2 1
3 3
4 4
5 5
6 6
8 7
7 8
9 9
10 10
11 11
12 12
13 13
14 14
15 15
16 16
17 17
18 18
19 19
20 20
21 21
22 22
23 23
24 24
25 25
26 26
27 27
28 28
29 29
30 30
31 31
32 32
33 33
34 34
35 35
36 36
37 37
38 38
39 39
40 40
41 41
43 42
42 43
44 44
45 45
46 46
47 47
48 48
49 49
52 50
50 51
51 52
53 53
54 54
55 55
56 56
57 57
58 58
59 59
60 60
61 61
62 62
64 63
63 64
65 65
66 66
67 67
68 68
69 69
70 70
71 71
72 72
73 73
74 74
75 75
76 76
77 77
78 78
79 79
80 80
81 81
82 82
83 83
84 84
85 85
86 86
87 87
88 88
89 89
90 90
91 91
92 92
93 93
94 94
95 95
96 96
98 97
97 98
99 99
100 100
101 101
102 102
103 103
104 104
105 105
106 106
107 107
108 108
109 109
111 110
110 111
112 112
113 113
114 114
116 115
115 116
117 117
118 118
120 119
121 120
123 121
119 122
122 123
124 124
125 125
127 126
128 127
126 128
129 129
131 130
130 131
132 132
133 133
134 134
135 135
136 136
137 137
138 138
139 139
142 140
140 141
143 142
141 143
144 144
145 145
146 146
147 147
148 148
149 149
150 150
151 151
152 152
153 153
154 154
155 155
156 156
157 157
158 158
159 159
160 160
161 161
162 162
163 163
165 164
164 165
167 166
166 167
169 168
168 169
172 170
170 171
171 172
173 173
174 174
175 175
176 176
179 177
177 178
178 179
180 180
181 181
182 182
184 183
186 184
183 185
185 186
189 187
188 188
187 189
190 190
191 191
192 192
193 193
194 194
195 195
196 196
197 197
198 198
199 199
200 200
201 201
202 202
203 203
204 204
205 205
206 206
207 207
209 208
208 209
210 210
211 211
212 212
213 213
214 214
215 215
216 216
217 217
218 218
220 219
219 220
221 221
222 222
223 223
224 224
225 225
226 226
227 227
228 228
230 229
229 230
231 231
232 232
233 233
234 234
235 235
237 236
236 237
238 238
239 239
240 240
242 241
241 242
243 243
244 244
246 245
245 246
248 247
247 248
249 249
251 250
253 251
250 252
252 253
255 254
254 255
256 256
257 257
258 258
260 259
259 260
261 261
262 262
264 263
263 264
265 265
266 266
268 267
267 268
270 269
269 270
271 271
272 272
273 273
275 274
274 275
276 276
277 277
279 278
278 279
280 280
281 281
283 282
284 283
286 284
282 285
285 286
288 287
289 288
287 289
290 290
291 291
292 292
293 293
295 294
294 295
296 296
297 297
298 298
299 299
300 300
304 301
301 302
303 303
302 304
305 305
309 306
306 307
307 308
308 309
311 310
312 311
310 312
313 313
314 314
315 315
316 316
317 317
318 318
319 319
320 320
321 321
322 322
323 323
325 324
324 325
326 326
327 327
329 328
328 329
331 330
330 331
332 332
334 333
336 334
333 335
337 336
338 337
335 338
339 339
340 340
341 341
344 342
342 343
343 344
345 345
346 346
347 347
349 348
348 349
350 350
351 351
352 352
354 353
353 354
355 355
356 356
357 357
358 358
359 359
360 360
361 361
362 362
363 363
368 364
364 365
367 366
370 367
369 368
366 369
371 370
372 371
375 372
374 373
377 374
373 375
365 376
376 377
378 378
379 379
380 380
381 381
382 382
384 383
383 384
385 385
387 386
386 387
388 388
390 389
394 390
392 391
393 392
395 393
397 394
396 395
391 396
405 397
403 398
400 399
401 400
398 401
407 402
402 403
399 404
404 405
408 406
406 407
411 408
410 409
409 410
412 411
389 412
415 413
414 414
416 415
418 416
419 417
413 418
420 419
417 420
421 421
422 422
423 423
424 424
425 425
427 426
429 427
426 428
428 429
431 430
434 431
432 432
433 433
435 434
437 435
436 436
438 437
439 438
441 439
440 440
443 441
444 442
442 443
445 444
447 445
446 446
448 447
453 448
452 449
454 450
449 451
451 452
450 453
457 454
456 455
455 456
459 457
458 458
461 459
460 460
462 461
464 462
465 463
463 464
466 465
467 466
468 467
470 468
469 469
471 470
472 471
473 472
476 473
475 474
474 475
478 476
479 477
477 478
480 479
483 480
482 481
486 482
484 483
488 484
481 485
485 486
487 487
490 488
489 489
491 490
492 491
494 492
495 493
493 494
496 495
498 496
497 497
499 498
500 499
501 500
502 501
503 502
504 503
505 504
507 505
508 506
511 507
506 508
514 509
512 510
516 511
509 512
515 513
510 514
517 515
513 516
518 517
521 518
520 519
519 520
523 521
525 522
527 523
526 524
524 525
531 526
530 527
532 528
528 529
522 530
535 531
536 532
529 533
533 534
537 535
534 536
541 537
542 538
539 539
538 540
540 541
545 542
544 543
547 544
543 545
546 546
548 547
552 548
549 549
551 550
550 551
553 552
556 553
559 554
558 555
554 556
555 557
557 558
560 559
564 560
563 561
561 562
562 563
566 564
565 565
568 566
567 567
570 568
573 569
569 570
571 571
575 572
576 573
574 574
572 575
577 576
578 577
579 578
580 579
581 580
583 581
582 582
584 583
585 584
586 585
588 586
589 587
591 588
592 589
593 590
587 591
594 592
596 593
595 594
597 595
590 596
602 597
599 598
604 599
605 600
601 601
603 602
606 603
600 604
607 605
611 606
609 607
608 608
610 609
614 610
613 611
615 612
619 613
612 614
618 615
620 616
617 617
621 618
622 619
623 620
624 621
616 622
628 623
625 624
626 625
627 626
629 627
631 628
633 629
630 630
634 631
635 632
637 633
636 634
632 635
638 636
639 637
640 638
643 639
642 640
641 641
644 642
648 643
647 644
649 645
645 646
650 647
652 648
646 649
651 650
653 651
655 652
657 653
656 654
659 655
658 656
654 657
662 658
661 659
660 660
663 661
665 662
664 663
667 664
670 665
668 666
669 667
671 668
672 669
673 670
674 671
676 672
678 673
677 674
675 675
680 676
679 677
681 678
684 679
683 680
685 681
690 682
686 683
687 684
688 685
692 686
689 687
691 688
693 689
695 690
696 691
694 692
697 693
682 694
699 695
698 696
702 697
704 698
700 699
703 700
701 701
705 702
707 703
709 704
706 705
708 706
712 707
711 708
713 709
715 710
714 711
716 712
717 713
721 714
720 715
723 716
722 717
718 718
710 719
726 720
725 721
724 722
727 723
719 724
729 725
730 726
732 727
728 728
731 729
733 730
736 731
734 732
735 733
739 734
737 735
740 736
738 737
741 738
742 739
744 740
743 741
745 742
747 743
746 744
748 745
749 746
750 747
751 748
752 749
755 750
757 751
756 752
754 753
753 754
760 755
759 756
762 757
761 758
765 759
764 760
767 761
766 762
768 763
770 764
771 765
773 766
772 767
769 768
774 769
777 770
778 771
779 772
776 773
780 774
781 775
783 776
782 777
785 778
786 779
784 780
787 781
788 782
789 783
790 784
794 785
791 786
793 787
795 788
792 789
796 790
798 791
797 792
799 793
800 794
801 795
802 796
805 797
807 798
803 799
808 800
806 801
811 802
814 803
812 804
804 805
815 806
809 807
810 808
813 809
817 810
816 811
822 812
820 813
819 814
823 815
821 816
818 817
827 818
826 819
824 820
828 821
833 822
829 823
831 824
830 825
832 826
834 827
840 828
836 829
835 830
837 831
842 832
838 833
839 834
843 835
845 836
841 837
844 838
849 839
847 840
854 841
848 842
851 843
852 844
853 845
856 846
855 847
859 848
858 849
860 850
857 851
861 852
863 853
862 854
865 855
864 856
868 857
866 858
867 859
872 860
869 861
873 862
874 863
870 864
876 865
871 866
875 867
880 868
877 869
879 870
878 871
883 872
882 873
884 874
881 875
885 876
887 877
889 878
888 879
886 880
890 881
895 882
891 883
892 884
894 885
893 886
897 887
898 888
902 889
896 890
899 891
900 892
903 893
904 894
905 895
906 896
909 897
908 898
907 899
910 900
911 901
914 902
915 903
901 904
913 905
920 906
912 907
919 908
916 909
918 910
922 911
921 912
923 913
917 914
925 915
927 916
929 917
926 918
928 919
930 920
933 921
932 922
934 923
939 924
931 925
935 926
924 927
936 928
937 929
942 930
945 931
943 932
941 933
944 934
946 935
948 936
947 937
949 938
951 939
950 940
955 941
954 942
956 943
953 944
957 945
958 946
959 947
961 948
962 949
963 950
960 951
965 952
964 953
966 954
968 955
967 956
970 957
969 958
971 959
972 960
976 961
974 962
973 963
975 964
978 965
977 966
980 967
982 968
979 969
984 970
983 971
985 972
988 973
986 974
987 975
992 976
989 977
996 978
999 979
990 980
991 981
1001 982
994 983
993 984
998 985
995 986
997 987
1000 988
1003 989
1006 990
1004 991
1005 992
1007 993
1009 994
1008 995
1011 996
1014 997
1012 998
1013 999
1016 1000
1019 1001
1021 1002
1020 1003
1018 1004
1022 1005
1010 1006
1017 1007
1025 1008
1024 1009
1023 1010
1027 1011
1029 1012
1031 1013
1015 1014
1028 1015
1032 1016
1030 1017
1034 1018
1039 1019
1033 1020
1038 1021
1040 1022
1035 1023
1043 1024
1041 1025
1042 1026
1037 1027
1045 1028
1046 1029
1048 1030
1044 1031
1047 1032
1051 1033
1053 1034
1052 1035
1054 1036
1050 1037
1055 1038
1056 1039
1057 1040
1060 1041
1058 1042
1059 1043
1061 1044
1063 1045
1064 1046
1062 1047
1065 1048
1067 1049
1068 1050
1066 1051
1072 1052
1073 1053
1070 1054
1074 1055
1075 1056
1069 1057
1077 1058
1078 1059
1076 1060
1080 1061
1082 1062
1087 1063
1084 1064
1088 1065
1083 1066
1079 1067
1089 1068
1081 1069
1090 1070
1086 1071
1085 1072
1092 1073
1094 1074
1091 1075
1093 1076
1096 1077
1098 1078
1100 1079
1099 1080
1101 1081
1097 1082
1105 1083
1111 1084
1095 1085
1103 1086
1104 1087
1106 1088
1108 1089
1109 1090
1107 1091
1071 1092
1110 1093
1114 1094
1115 1095
1116 1096
1118 1097
1112 1098
1119 1099
1117 1100
1121 1101
1123 1102
1126 1103
1125 1104
1124 1105
1113 1106
1120 1107
1127 1108
1128 1109
1130 1110
1134 1111
1131 1112
1132 1113
1133 1114
1138 1115
1136 1116
1135 1117
1122 1118
1139 1119
1137 1120
1140 1121
1141 1122
1144 1123
1143 1124
1142 1125
1146 1126
1147 1127
1151 1128
1129 1129
1145 1130
1159 1131
1158 1132
1156 1133
1153 1134
1160 1135
1155 1136
1154 1137
1157 1138
1152 1139
1148 1140
1161 1141
1162 1142
1164 1143
1163 1144
1165 1145
1150 1146
1166 1147
1169 1148
1167 1149
1170 1150
1171 1151
1168 1152
1172 1153
1175 1154
1173 1155
1177 1156
1176 1157
1174 1158
1178 1159
1149 1160
1180 1161
1181 1162
1182 1163
1184 1164
1179 1165
1185 1166
1186 1167
1190 1168
1183 1169
1188 1170
1187 1171
1189 1172
1193 1173
1192 1174
1191 1175
1195 1176
1194 1177
1201 1178
1196 1179
1198 1180
1200 1181
1202 1182
1199 1183
1197 1184
1204 1185
1203 1186
1205 1187
1210 1188
1209 1189
1206 1190
1208 1191
1207 1192
1213 1193
1211 1194
1212 1195
1215 1196
1214 1197
1218 1198
1220 1199
1225 1200
1223 1201
1216 1202
1217 1203
1222 1204
1224 1205
1228 1206
1221 1207
1226 1208
1227 1209
1230 1210
1229 1211
1219 1212
1232 1213
1231 1214
1233 1215
1234 1216
1235 1217
1236 1218
1237 1219
1238 1220
1240 1221
1239 1222
1243 1223
1246 1224
1245 1225
1247 1226
1242 1227
1244 1228
1252 1229
1253 1230
1241 1231
1254 1232
1249 1233
1248 1234
1262 1235
1251 1236
1256 1237
1259 1238
1257 1239
1255 1240
1260 1241
1269 1242
1271 1243
1264 1244
1267 1245
1258 1246
1261 1247
1265 1248
1270 1249
1275 1250
1268 1251
1273 1252
1278 1253
1266 1254
1272 1255
1277 1256
1263 1257
1274 1258
1276 1259
1279 1260
1282 1261
1281 1262
1280 1263
1284 1264
1285 1265
1283 1266
1290 1267
1286 1268
1292 1269
1289 1270
1287 1271
1291 1272
1295 1273
1293 1274
1294 1275
1298 1276
1301 1277
1300 1278
1299 1279
1296 1280
1297 1281
1305 1282
1302 1283
1303 1284
1309 1285
1313 1286
1306 1287
1307 1288
1310 1289
1308 1290
1288 1291
1304 1292
1311 1293
1314 1294
1319 1295
1315 1296
1321 1297
1317 1298
1316 1299
1320 1300
1312 1301
1327 1302
1322 1303
1329 1304
1323 1305
1330 1306
1328 1307
1325 1308
1318 1309
1326 1310
1331 1311
1324 1312
1332 1313
1333 1314
1334 1315
1336 1316
1338 1317
1335 1318
1340 1319
1339 1320
1337 1321
1342 1322
1345 1323
1344 1324
1343 1325
1349 1326
1341 1327
1346 1328
1351 1329
1348 1330
1350 1331
1355 1332
1353 1333
1354 1334
1358 1335
1357 1336
1361 1337
1360 1338
1359 1339
1367 1340
1352 1341
1356 1342
1368 1343
1363 1344
1370 1345
1366 1346
1373 1347
1365 1348
1374 1349
1371 1350
1362 1351
1376 1352
1369 1353
1372 1354
1379 1355
1375 1356
1377 1357
1380 1358
1378 1359
1383 1360
1382 1361
1381 1362
1386 1363
1384 1364
1387 1365
1388 1366
1389 1367
1385 1368
1392 1369
1395 1370
1391 1371
1393 1372
1394 1373
1398 1374
1390 1375
1396 1376
1402 1377
1399 1378
1400 1379
1403 1380
1404 1381
1406 1382
1405 1383
1401 1384
1408 1385
1407 1386
1409 1387
1412 1388
1411 1389
1413 1390
1397 1391
1417 1392
1416 1393
1414 1394
1410 1395
1419 1396
1420 1397
1415 1398
1424 1399
1422 1400
1421 1401
1423 1402
1426 1403
1427 1404
1429 1405
1430 1406
1418 1407
1425 1408
1432 1409
1431 1410
1435 1411
1434 1412
1438 1413
1433 1414
1437 1415
1428 1416
1436 1417
1440 1418
1444 1419
1441 1420
1445 1421
1439 1422
1443 1423
1442 1424
1446 1425
1447 1426
1449 1427
1450 1428
1448 1429
1451 1430
1452 1431
1453 1432
1456 1433
1455 1434
1459 1435
1457 1436
1454 1437
1460 1438
1467 1439
1466 1440
1464 1441
1463 1442
1465 1443
1468 1444
1470 1445
1473 1446
1474 1447
1472 1448
1462 1449
1471 1450
1477 1451
1481 1452
1479 1453
1475 1454
1476 1455
1480 1456
1469 1457
1484 1458
1483 1459
1486 1460
1485 1461
1478 1462
1487 1463
1482 1464
1488 1465
1490 1466
1489 1467
1492 1468
1494 1469
1491 1470
1496 1471
1493 1472
1499 1473
1500 1474
1461 1475
1501 1476
1498 1477
1504 1478
1497 1479
1505 1480
1503 1481
1508 1482
1509 1483
1502 1484
1495 1485
1512 1486
1506 1487
1511 1488
1507 1489
1514 1490
1513 1491
1515 1492
1519 1493
1510 1494
1520 1495
1517 1496
1516 1497
1523 1498
1522 1499
1526 1500
1521 1501
1524 1502
1525 1503
1518 1504
1528 1505
1529 1506
1534 1507
1530 1508
1531 1509
1535 1510
1532 1511
1533 1512
1538 1513
1536 1514
1541 1515
1539 1516
1537 1517
1543 1518
1544 1519
1545 1520
1548 1521
1540 1522
1550 1523
1549 1524
1542 1525
1551 1526
1553 1527
1555 1528
1552 1529
1554 1530
1559 1531
1558 1532
1563 1533
1560 1534
1561 1535
1557 1536
1556 1537
1564 1538
1568 1539
1567 1540
1562 1541
1569 1542
1571 1543
1566 1544
1565 1545
1570 1546
1573 1547
1574 1548
1547 1549
1572 1550
1583 1551
1579 1552
1577 1553
1576 1554
1584 1555
1581 1556
1582 1557
1586 1558
1578 1559
1580 1560
1575 1561
1587 1562
1527 1563
1585 1564
1588 1565
1590 1566
1589 1567
1593 1568
1595 1569
1592 1570
1594 1571
1591 1572
1599 1573
1601 1574
1596 1575
1597 1576
1600 1577
1598 1578
1604 1579
1603 1580
1602 1581
1606 1582
1605 1583
1611 1584
1609 1585
1607 1586
1612 1587
1608 1588
1610 1589
1613 1590
1616 1591
1617 1592
1620 1593
1615 1594
1624 1595
1618 1596
1627 1597
1621 1598
1626 1599
1629 1600
1625 1601
1633 1602
1619 1603
1622 1604
1614 1605
1628 1606
1623 1607
1630 1608
1635 1609
1634 1610
1638 1611
1637 1612
1636 1613
1642 1614
1639 1615
1641 1616
1643 1617
1644 1618
1647 1619
1648 1620
1632 1621
1649 1622
1645 1623
1650 1624
1631 1625
1651 1626
1653 1627
1652 1628
1646 1629
1656 1630
1654 1631
1658 1632
1655 1633
1657 1634
1662 1635
1660 1636
1661 1637
1659 1638
1663 1639
1665 1640
1668 1641
1667 1642
1670 1643
1671 1644
1669 1645
1664 1646
1666 1647
1673 1648
1677 1649
1679 1650
1678 1651
1672 1652
1680 1653
1675 1654
1676 1655
1674 1656
1681 1657
1682 1658
1684 1659
1685 1660
1687 1661
1688 1662
1691 1663
1683 1664
1690 1665
1689 1666
1697 1667
1694 1668
1700 1669
1699 1670
1686 1671
1695 1672
1696 1673
1693 1674
1705 1675
1698 1676
1706 1677
1702 1678
1701 1679
1711 1680
1713 1681
1704 1682
1710 1683
1712 1684
1717 1685
1708 1686
1721 1687
1714 1688
1709 1689
1718 1690
1719 1691
1723 1692
1707 1693
1724 1694
1725 1695
1716 1696
1715 1697
1703 1698
1728 1699
1722 1700
1720 1701
1726 1702
1727 1703
1729 1704
1733 1705
1730 1706
1735 1707
1734 1708
1731 1709
1736 1710
1732 1711
1737 1712
1739 1713
1740 1714
1743 1715
1741 1716
1746 1717
1753 1718
1755 1719
1752 1720
1748 1721
1747 1722
1751 1723
1749 1724
1750 1725
1744 1726
1757 1727
1742 1728
1738 1729
1760 1730
1758 1731
1756 1732
1759 1733
1745 1734
1762 1735
1769 1736
1640 1737
1764 1738
1761 1739
1766 1740
1763 1741
1770 1742
1765 1743
1767 1744
1771 1745
1775 1746
1774 1747
1773 1748
1768 1749
1776 1750
1772 1751
1754 1752
1779 1753
1781 1754
1777 1755
1782 1756
1783 1757
1778 1758
1784 1759
1786 1760
1780 1761
1788 1762
1789 1763
1791 1764
1792 1765
1803 1766
1790 1767
1794 1768
1692 1769
1799 1770
1787 1771
1796 1772
1797 1773
1795 1774
1800 1775
1802 1776
1801 1777
1785 1778
1798 1779
1805 1780
1806 1781
1810 1782
1814 1783
1811 1784
1793 1785
1808 1786
1807 1787
1809 1788
1816 1789
1815 1790
1804 1791
1813 1792
1818 1793
1812 1794
1819 1795
1821 1796
1822 1797
1817 1798
1820 1799
1823 1800
1825 1801
1824 1802
1829 1803
1826 1804
1828 1805
1830 1806
1832 1807
1831 1808
1827 1809
1835 1810
1833 1811
1838 1812
1837 1813
1839 1814
1836 1815
1845 1816
1844 1817
1834 1818
1847 1819
1843 1820
1840 1821
1841 1822
1848 1823
1850 1824
1842 1825
1854 1826
1855 1827
1853 1828
1852 1829
1846 1830
1858 1831
1859 1832
1851 1833
1849 1834
1862 1835
1861 1836
1863 1837
1857 1838
1865 1839
1856 1840
1860 1841
1870 1842
1866 1843
1869 1844
1867 1845
1868 1846
1874 1847
1876 1848
1871 1849
1880 1850
1873 1851
1872 1852
1875 1853
1877 1854
1881 1855
1882 1856
1883 1857
1878 1858
1885 1859
1887 1860
1890 1861
1888 1862
1886 1863
1891 1864
1893 1865
1896 1866
1892 1867
1894 1868
1889 1869
1895 1870
1884 1871
1898 1872
1879 1873
1899 1874
1897 1875
1901 1876
1904 1877
1905 1878
1903 1879
1900 1880
1909 1881
1907 1882
1906 1883
1902 1884
1911 1885
1908 1886
1910 1887
1913 1888
1912 1889
1914 1890
1919 1891
1917 1892
1916 1893
1918 1894
1915 1895
1921 1896
1922 1897
1920 1898
1923 1899
1924 1900
1929 1901
1925 1902
1934 1903
1926 1904
1927 1905
1931 1906
1932 1907
1928 1908
1937 1909
1933 1910
1930 1911
1936 1912
1941 1913
1935 1914
1940 1915
1944 1916
1938 1917
1945 1918
1943 1919
1948 1920
1939 1921
1951 1922
1947 1923
1946 1924
1952 1925
1949 1926
1950 1927
1955 1928
1956 1929
1953 1930
1942 1931
1960 1932
1958 1933
1959 1934
1962 1935
1966 1936
1965 1937
1967 1938
1961 1939
1968 1940
1971 1941
1964 1942
1969 1943
1978 1944
1973 1945
1972 1946
1975 1947
1976 1948
1974 1949
1977 1950
1963 1951
1970 1952
1979 1953
1981 1954
1986 1955
1982 1956
1985 1957
1989 1958
1984 1959
1988 1960
1957 1961
1954 1962
1994 1963
1992 1964
1993 1965
1990 1966
1995 1967
1998 1968
1997 1969
2000 1970
1983 1971
1987 1972
1996 1973
2001 1974
1991 1975
1999 1976
2006 1977
2002 1978
2003 1979
2004 1980
2010 1981
2013 1982
2007 1983
1980 1984
2008 1985
2014 1986
2015 1987
2018 1988
2016 1989
2019 1990
2005 1991
2017 1992
2009 1993
2011 1994
2020 1995
2021 1996
2012 1997
2023 1998
2026 1999
2024 2000
2029 2001
2027 2002
2028 2003
2030 2004
2031 2005
2022 2006
2032 2007
2036 2008
2025 2009
2035 2010
2034 2011
2039 2012
2037 2013
2043 2014
2041 2015
2047 2016
2038 2017
2042 2018
2045 2019
2052 2020
2048 2021
2040 2022
2044 2023
2053 2024
2046 2025
2051 2026
2049 2027
2055 2028
2058 2029
2056 2030
2057 2031
2054 2032
2059 2033
2050 2034
2033 2035
2060 2036
2063 2037
2061 2038
2065 2039
2070 2040
2068 2041
2064 2042
2074 2043
2072 2044
2071 2045
2075 2046
2067 2047
2066 2048
2078 2049
2076 2050
2073 2051
2069 2052
2081 2053
2083 2054
2085 2055
2077 2056
2079 2057
2062 2058
2080 2059
2082 2060
2086 2061
2084 2062
2090 2063
2094 2064
2088 2065
2091 2066
2089 2067
2096 2068
2101 2069
2095 2070
2099 2071
2097 2072
2093 2073
2092 2074
2100 2075
2102 2076
2103 2077
2087 2078
2104 2079
2108 2080
2110 2081
2111 2082
2106 2083
2112 2084
2105 2085
2113 2086
2107 2087
2115 2088
2109 2089
2114 2090
2116 2091
2119 2092
2118 2093
2121 2094
2120 2095
2126 2096
2123 2097
2122 2098
2125 2099
2127 2100
2130 2101
2132 2102
2129 2103
2133 2104
2135 2105
2117 2106
2136 2107
2144 2108
2139 2109
2143 2110
2138 2111
2124 2112
2145 2113
2141 2114
2150 2115
2148 2116
2146 2117
2128 2118
2142 2119
2151 2120
2147 2121
2140 2122
2149 2123
2153 2124
2131 2125
2152 2126
2137 2127
2154 2128
2155 2129
2156 2130
2134 2131
2157 2132
2160 2133
2164 2134
2161 2135
2158 2136
2159 2137
2165 2138
2166 2139
2163 2140
2169 2141
2170 2142
2175 2143
2162 2144
2177 2145
2178 2146
2172 2147
2176 2148
2171 2149
2168 2150
2174 2151
2181 2152
2187 2153
2185 2154
2180 2155
2179 2156
2186 2157
2173 2158
2182 2159
2191 2160
2189 2161
2195 2162
2194 2163
2184 2164
2192 2165
2193 2166
2188 2167
2167 2168
2183 2169
2197 2170
2198 2171
2196 2172
2190 2173
2200 2174
2201 2175
2199 2176
2205 2177
2202 2178
2206 2179
2203 2180
2210 2181
2209 2182
2204 2183
2207 2184
2211 2185
2212 2186
2208 2187
2213 2188
2215 2189
2217 2190
2214 2191
2218 2192
2216 2193
2220 2194
2224 2195
2226 2196
2223 2197
2230 2198
2222 2199
2221 2200
2229 2201
2228 2202
2233 2203
2236 2204
2232 2205
2235 2206
2238 2207
2231 2208
2239 2209
2237 2210
2242 2211
2227 2212
2243 2213
2225 2214
2244 2215
2249 2216
2252 2217
2251 2218
2246 2219
2241 2220
2247 2221
2248 2222
2254 2223
2250 2224
2240 2225
2261 2226
2258 2227
2253 2228
2255 2229
2256 2230
2234 2231
2257 2232
2263 2233
2219 2234
2262 2235
2266 2236
2270 2237
2267 2238
2259 2239
2269 2240
2260 2241
2245 2242
2272 2243
2265 2244
2274 2245
2271 2246
2268 2247
2278 2248
2276 2249
2275 2250
2273 2251
2280 2252
2283 2253
2281 2254
2284 2255
2282 2256
2264 2257
2287 2258
2288 2259
2277 2260
2285 2261
2290 2262
2292 2263
2293 2264
2286 2265
2291 2266
2294 2267
2279 2268
2300 2269
2299 2270
2302 2271
2301 2272
2295 2273
2303 2274
2296 2275
2309 2276
2297 2277
2305 2278
2306 2279
2304 2280
2307 2281
2298 2282
2308 2283
2313 2284
2312 2285
2316 2286
2317 2287
2321 2288
2320 2289
2319 2290
2323 2291
2310 2292
2315 2293
2327 2294
2311 2295
2326 2296
2318 2297
2330 2298
2314 2299
2329 2300
2322 2301
2331 2302
2289 2303
2328 2304
2324 2305
2335 2306
2332 2307
2337 2308
2336 2309
2333 2310
2338 2311
2334 2312
2340 2313
2341 2314
2339 2315
2342 2316
2325 2317
2346 2318
2347 2319
2345 2320
2343 2321
2349 2322
2351 2323
2355 2324
2354 2325
2348 2326
2350 2327
2359 2328
2357 2329
2353 2330
2344 2331
2356 2332
2358 2333
2360 2334
2367 2335
2363 2336
2365 2337
2364 2338
2352 2339
2368 2340
2369 2341
2366 2342
2370 2343
2373 2344
2372 2345
2377 2346
2376 2347
2380 2348
2378 2349
2381 2350
2383 2351
2384 2352
2385 2353
2362 2354
2382 2355
2371 2356
2361 2357
2387 2358
2391 2359
2389 2360
2375 2361
2386 2362
2379 2363
2390 2364
2395 2365
2394 2366
2400 2367
2374 2368
2402 2369
2398 2370
2396 2371
2397 2372
2406 2373
2405 2374
2399 2375
2388 2376
2409 2377
2401 2378
2403 2379
2408 2380
2407 2381
2412 2382
2393 2383
2392 2384
2404 2385
2410 2386
2411 2387
2415 2388
2414 2389
2413 2390
2416 2391
2418 2392
2417 2393
2423 2394
2420 2395
2426 2396
2422 2397
2427 2398
2429 2399
2421 2400
2430 2401
2424 2402
2431 2403
2425 2404
2433 2405
2432 2406
2441 2407
2436 2408
2439 2409
2435 2410
2438 2411
2445 2412
2440 2413
2443 2414
2442 2415
2437 2416
2450 2417
2447 2418
2452 2419
2446 2420
2444 2421
2449 2422
2454 2423
2451 2424
2453 2425
2434 2426
2419 2427
2448 2428
2459 2429
2462 2430
2456 2431
2465 2432
2467 2433
2466 2434
2461 2435
2428 2436
2471 2437
2469 2438
2455 2439
2473 2440
2470 2441
2464 2442
2476 2443
2472 2444
2477 2445
2475 2446
2468 2447
2480 2448
2463 2449
2474 2450
2479 2451
2483 2452
2458 2453
2481 2454
2482 2455
2486 2456
2484 2457
2488 2458
2487 2459
2490 2460
2478 2461
2496 2462
2492 2463
2495 2464
2485 2465
2497 2466
2491 2467
2493 2468
2498 2469
2494 2470
2489 2471
2502 2472
2501 2473
2505 2474
2499 2475
2503 2476
2506 2477
2504 2478
2500 2479
2513 2480
2512 2481
2510 2482
2509 2483
2514 2484
2511 2485
2515 2486
2519 2487
2527 2488
2524 2489
2520 2490
2516 2491
2526 2492
2517 2493
2522 2494
2518 2495
2521 2496
2525 2497
2530 2498
2528 2499
2523 2500
2507 2501
2531 2502
2534 2503
2532 2504
2533 2505
2529 2506
2535 2507
2536 2508
2540 2509
2539 2510
2537 2511
2538 2512
2542 2513
2546 2514
2543 2515
2545 2516
2548 2517
2547 2518
2551 2519
2541 2520
2555 2521
2553 2522
2550 2523
2552 2524
2554 2525
2559 2526
2544 2527
2508 2528
2557 2529
2558 2530
2549 2531
2556 2532
2560 2533
2561 2534
2567 2535
2563 2536
2562 2537
2564 2538
2569 2539
2568 2540
2571 2541
2574 2542
2573 2543
2570 2544
2565 2545
2572 2546
2566 2547
2575 2548
2578 2549
2579 2550
2576 2551
2577 2552
2581 2553
2584 2554
2582 2555
2588 2556
2580 2557
2590 2558
2585 2559
2596 2560
2591 2561
2593 2562
2594 2563
2586 2564
2589 2565
2598 2566
2601 2567
2603 2568
2587 2569
2597 2570
2605 2571
2608 2572
2583 2573
2606 2574
2599 2575
2607 2576
2613 2577
2615 2578
2617 2579
2618 2580
2614 2581
2610 2582
2616 2583
2612 2584
2619 2585
2609 2586
2611 2587
2592 2588
2624 2589
2620 2590
2623 2591
2626 2592
2632 2593
2628 2594
2621 2595
2625 2596
2622 2597
2634 2598
2636 2599
2631 2600
2629 2601
2600 2602
2637 2603
2639 2604
2633 2605
2642 2606
2638 2607
2635 2608
2640 2609
2641 2610
2627 2611
2644 2612
2643 2613
2645 2614
2648 2615
2650 2616
2647 2617
2655 2618
2646 2619
2630 2620
2654 2621
2661 2622
2653 2623
2656 2624
2652 2625
2651 2626
2657 2627
2660 2628
2649 2629
2662 2630
2659 2631
2664 2632
2667 2633
2665 2634
2666 2635
2658 2636
2671 2637
2669 2638
2674 2639
2668 2640
2675 2641
2673 2642
2677 2643
2670 2644
2679 2645
2682 2646
2680 2647
2672 2648
2683 2649
2687 2650
2684 2651
2685 2652
2678 2653
2676 2654
2697 2655
2688 2656
2689 2657
2690 2658
2693 2659
2694 2660
2691 2661
2681 2662
2686 2663
2692 2664
2701 2665
2695 2666
2699 2667
2700 2668
2703 2669
2663 2670
2696 2671
2709 2672
2716 2673
2714 2674
2708 2675
2713 2676
2719 2677
2704 2678
2718 2679
2698 2680
2712 2681
2726 2682
2721 2683
2711 2684
2715 2685
2729 2686
2705 2687
2720 2688
2722 2689
2728 2690
2717 2691
2724 2692
2733 2693
2725 2694
2734 2695
2735 2696
2727 2697
2732 2698
2707 2699
2736 2700
2710 2701
2738 2702
2741 2703
2739 2704
2744 2705
2742 2706
2737 2707
2731 2708
2706 2709
2745 2710
2730 2711
2702 2712
2748 2713
2743 2714
2746 2715
2723 2716
2740 2717
2747 2718
2749 2719
2753 2720
2755 2721
2758 2722
2760 2723
2756 2724
2752 2725
2754 2726
2763 2727
2767 2728
2764 2729
2765 2730
2761 2731
2762 2732
2757 2733
2751 2734
2769 2735
2759 2736
2777 2737
2779 2738
2773 2739
2766 2740
2783 2741
2774 2742
2768 2743
2771 2744
2781 2745
2785 2746
2782 2747
2784 2748
2778 2749
2787 2750
2791 2751
2786 2752
2788 2753
2776 2754
2770 2755
2790 2756
2775 2757
2792 2758
2780 2759
2789 2760
2793 2761
2794 2762
2796 2763
2772 2764
2795 2765
2799 2766
2797 2767
2802 2768
2798 2769
2803 2770
2809 2771
2800 2772
2808 2773
2806 2774
2805 2775
2810 2776
2807 2777
2804 2778
2811 2779
2815 2780
2812 2781
2814 2782
2818 2783
2801 2784
2819 2785
2813 2786
2821 2787
2816 2788
2826 2789
2831 2790
2828 2791
2817 2792
2827 2793
2832 2794
2829 2795
2820 2796
2822 2797
2823 2798
2825 2799
2824 2800
2841 2801
2838 2802
2835 2803
2830 2804
2834 2805
2839 2806
2844 2807
2836 2808
2846 2809
2842 2810
2848 2811
2853 2812
2840 2813
2847 2814
2850 2815
2845 2816
2843 2817
2855 2818
2854 2819
2851 2820
2856 2821
2849 2822
2852 2823
2861 2824
2858 2825
2860 2826
2863 2827
2864 2828
2857 2829
2865 2830
2866 2831
2867 2832
2869 2833
2868 2834
2872 2835
2870 2836
2873 2837
2876 2838
2875 2839
2859 2840
2874 2841
2878 2842
2879 2843
2871 2844
2882 2845
2877 2846
2885 2847
2862 2848
2880 2849
2888 2850
2887 2851
2883 2852
2884 2853
2890 2854
2889 2855
2893 2856
2897 2857
2900 2858
2891 2859
2886 2860
2892 2861
2894 2862
2899 2863
2903 2864
2895 2865
2908 2866
2902 2867
2904 2868
2901 2869
2896 2870
2906 2871
2898 2872
2911 2873
2881 2874
2919 2875
2915 2876
2914 2877
2910 2878
2907 2879
2921 2880
2909 2881
2917 2882
2912 2883
2925 2884
2916 2885
2922 2886
2920 2887
2932 2888
2931 2889
2918 2890
2926 2891
2923 2892
2934 2893
2933 2894
2924 2895
2935 2896
2927 2897
2930 2898
2929 2899
2936 2900
2938 2901
2939 2902
2937 2903
2928 2904
2940 2905
2943 2906
2941 2907
2947 2908
2946 2909
2948 2910
2945 2911
2949 2912
2944 2913
2952 2914
2942 2915
2955 2916
2950 2917
2953 2918
2957 2919
2961 2920
2951 2921
2954 2922
2956 2923
2959 2924
2958 2925
2967 2926
2963 2927
2964 2928
2970 2929
2968 2930
2971 2931
2972 2932
2973 2933
2969 2934
2976 2935
2982 2936
2978 2937
2962 2938
2975 2939
2979 2940
2965 2941
2980 2942
2960 2943
2983 2944
2985 2945
2987 2946
2988 2947
2984 2948
2989 2949
2990 2950
2974 2951
2992 2952
2986 2953
2981 2954
2977 2955
2991 2956
2996 2957
2993 2958
2995 2959
2994 2960
2997 2961
2998 2962
2999 2963
3003 2964
3000 2965
3005 2966
3004 2967
3007 2968
3014 2969
3015 2970
3010 2971
3006 2972
3012 2973
3018 2974
3013 2975
3016 2976
3008 2977
3023 2978
3021 2979
3002 2980
3017 2981
3001 2982
3009 2983
3022 2984
3011 2985
3019 2986
3027 2987
3020 2988
3024 2989
3026 2990
3028 2991
3025 2992
3030 2993
3029 2994
3031 2995
3033 2996
3032 2997
3035 2998
3037 2999
3038 3000
3042 3001
3041 3002
3039 3003
3046 3004
3045 3005
3047 3006
3044 3007
3036 3008
3040 3009
3048 3010
3049 3011
3052 3012
3054 3013
3055 3014
3056 3015
3050 3016
3060 3017
3063 3018
3066 3019
3057 3020
3065 3021
3064 3022
3067 3023
3059 3024
3058 3025
3051 3026
3062 3027
3061 3028
3068 3029
3069 3030
3070 3031
3072 3032
3043 3033
3073 3034
3074 3035
3076 3036
3071 3037
3053 3038
3075 3039
3079 3040
3087 3041
3085 3042
3084 3043
3086 3044
3078 3045
3080 3046
3082 3047
3090 3048
3077 3049
3088 3050
3092 3051
3083 3052
3093 3053
3098 3054
3089 3055
3091 3056
3099 3057
3094 3058
3101 3059
3100 3060
3104 3061
3096 3062
3095 3063
3105 3064
3097 3065
3107 3066
3110 3067
3108 3068
3111 3069
3115 3070
3106 3071
3113 3072
3109 3073
3102 3074
3112 3075
3114 3076
3120 3077
3121 3078
3118 3079
3117 3080
3123 3081
3124 3082
3103 3083
3127 3084
3119 3085
3122 3086
3128 3087
3131 3088
3125 3089
3136 3090
3132 3091
3126 3092
3138 3093
3116 3094
3137 3095
3135 3096
3141 3097
3133 3098
3134 3099
3139 3100
3129 3101
3142 3102
3145 3103
3152 3104
3148 3105
3147 3106
3150 3107
3146 3108
3149 3109
3156 3110
3155 3111
3143 3112
3151 3113
3153 3114
3154 3115
3144 3116
3162 3117
3158 3118
3160 3119
3163 3120
3081 3121
3161 3122
3159 3123
3166 3124
3168 3125
3140 3126
3164 3127
3167 3128
3157 3129
3165 3130
3170 3131
3172 3132
3179 3133
3169 3134
3177 3135
3173 3136
3178 3137
3181 3138
3171 3139
3184 3140
3187 3141
3183 3142
3176 3143
3186 3144
3174 3145
3175 3146
3194 3147
3195 3148
3189 3149
3193 3150
3199 3151
3192 3152
3190 3153
3197 3154
3182 3155
3191 3156
3198 3157
3185 3158
3208 3159
3196 3160
3205 3161
3209 3162
3213 3163
3212 3164
3217 3165
3203 3166
3180 3167
3204 3168
3210 3169
3207 3170
3201 3171
3200 3172
3215 3173
3219 3174
3211 3175
3218 3176
3202 3177
3214 3178
3221 3179
3224 3180
3228 3181
3225 3182
3222 3183
3227 3184
3223 3185
3226 3186
3206 3187
3232 3188
3229 3189
3233 3190
3231 3191
3238 3192
3241 3193
3234 3194
3235 3195
3236 3196
3240 3197
3220 3198
3216 3199
3130 3200
3230 3201
3246 3202
3248 3203
3237 3204
3251 3205
3250 3206
3244 3207
3239 3208
3242 3209
3188 3210
3249 3211
3245 3212
3253 3213
3252 3214
3247 3215
3256 3216
3259 3217
3260 3218
3257 3219
3255 3220
3254 3221
3264 3222
3261 3223
3263 3224
3243 3225
3269 3226
3267 3227
3270 3228
3274 3229
3258 3230
3262 3231
3275 3232
3265 3233
3272 3234
3276 3235
3271 3236
3282 3237
3277 3238
3266 3239
3278 3240
3281 3241
3279 3242
3285 3243
3273 3244
3280 3245
3287 3246
3284 3247
3286 3248
3289 3249
3268 3250
3283 3251
3301 3252
3294 3253
3293 3254
3295 3255
3292 3256
3290 3257
3303 3258
3297 3259
3298 3260
3307 3261
3291 3262
3288 3263
3305 3264
3309 3265
3300 3266
3302 3267
3310 3268
3304 3269
3314 3270
3299 3271
3311 3272
3312 3273
3308 3274
3313 3275
3316 3276
3321 3277
3306 3278
3317 3279
3331 3280
3330 3281
3315 3282
3324 3283
3322 3284
3318 3285
3325 3286
3319 3287
3333 3288
3342 3289
3336 3290
3323 3291
3329 3292
3332 3293
3320 3294
3341 3295
3339 3296
3340 3297
3345 3298
3326 3299
3344 3300
3348 3301
3327 3302
3347 3303
3335 3304
3354 3305
3337 3306
3334 3307
3350 3308
3349 3309
3328 3310
3338 3311
3352 3312
3346 3313
3351 3314
3343 3315
3357 3316
3362 3317
3356 3318
3353 3319
3361 3320
3358 3321
3365 3322
3370 3323
3360 3324
3371 3325
3376 3326
3375 3327
3364 3328
3359 3329
3379 3330
3363 3331
3378 3332
3367 3333
3369 3334
3374 3335
3381 3336
3380 3337
3372 3338
3382 3339
3377 3340
3387 3341
3386 3342
3391 3343
3366 3344
3390 3345
3383 3346
3388 3347
3385 3348
3396 3349
3397 3350
3368 3351
3384 3352
3392 3353
3389 3354
3393 3355
3373 3356
3395 3357
3400 3358
3402 3359
3398 3360
3404 3361
3405 3362
3407 3363
3401 3364
3394 3365
3403 3366
3409 3367
3410 3368
3411 3369
3418 3370
3417 3371
3412 3372
3399 3373
3414 3374
3415 3375
3420 3376
3423 3377
3425 3378
3424 3379
3421 3380
3408 3381
3426 3382
3419 3383
3428 3384
3431 3385
3432 3386
3422 3387
3435 3388
3429 3389
3436 3390
3437 3391
3444 3392
3439 3393
3427 3394
3442 3395
3416 3396
3438 3397
3441 3398
3434 3399
3413 3400
3443 3401
3445 3402
3448 3403
3452 3404
3451 3405
3450 3406
3446 3407
3433 3408
3447 3409
3454 3410
3449 3411
3430 3412
3464 3413
3453 3414
3457 3415
3463 3416
3460 3417
3459 3418
3462 3419
3458 3420
3465 3421
3467 3422
3469 3423
3468 3424
3461 3425
3466 3426
3473 3427
3471 3428
3475 3429
3470 3430
3472 3431
3440 3432
3456 3433
3474 3434
3476 3435
3479 3436
3478 3437
3481 3438
3483 3439
3455 3440
3482 3441
3485 3442
3477 3443
3492 3444
3484 3445
3495 3446
3496 3447
3494 3448
3493 3449
2837 3450
3497 3451
3489 3452
3500 3453
3491 3454
3501 3455
3498 3456
3486 3457
3488 3458
3505 3459
3499 3460
3508 3461
3506 3462
3490 3463
3511 3464
3509 3465
3512 3466
3502 3467
3503 3468
3515 3469
3516 3470
3504 3471
3513 3472
3507 3473
3518 3474
3520 3475
3510 3476
3524 3477
3514 3478
3521 3479
3529 3480
3517 3481
3527 3482
3522 3483
3528 3484
3523 3485
3525 3486
3480 3487
3532 3488
3487 3489
3530 3490
3531 3491
3538 3492
3534 3493
3526 3494
3535 3495
3539 3496
3533 3497
3541 3498
3546 3499
3536 3500
3540 3501
3550 3502
3552 3503
3545 3504
3549 3505
3537 3506
3553 3507
3543 3508
3544 3509
3547 3510
3554 3511
3559 3512
3548 3513
3556 3514
3557 3515
3564 3516
3569 3517
3568 3518
3551 3519
3562 3520
3561 3521
3570 3522
3571 3523
3563 3524
3566 3525
3565 3526
3576 3527
3406 3528
3572 3529
3558 3530
3573 3531
3575 3532
3567 3533
3578 3534
3579 3535
3581 3536
3584 3537
3577 3538
3574 3539
3582 3540
3583 3541
3588 3542
3593 3543
3560 3544
3580 3545
3590 3546
3587 3547
3589 3548
3598 3549
3592 3550
3586 3551
3585 3552
3594 3553
3596 3554
3599 3555
3604 3556
3595 3557
3591 3558
3605 3559
3597 3560
3607 3561
3601 3562
3612 3563
3603 3564
3600 3565
3602 3566
3611 3567
3615 3568
3555 3569
3619 3570
3609 3571
3620 3572
3618 3573
3614 3574
3616 3575
3606 3576
3617 3577
3627 3578
3621 3579
3623 3580
3626 3581
3625 3582
3624 3583
3629 3584
3631 3585
3636 3586
3634 3587
3632 3588
3630 3589
3628 3590
3641 3591
3635 3592
3622 3593
3640 3594
3645 3595
3637 3596
3650 3597
3646 3598
3648 3599
3655 3600
3652 3601
3657 3602
3643 3603
3633 3604
3638 3605
3660 3606
3644 3607
3647 3608
3659 3609
3642 3610
3656 3611
3649 3612
3654 3613
3610 3614
3608 3615
3669 3616
3658 3617
3667 3618
3639 3619
3671 3620
3662 3621
3664 3622
3666 3623
3668 3624
3665 3625
3661 3626
3651 3627
3674 3628
3675 3629
3672 3630
3663 3631
3679 3632
3685 3633
3673 3634
3670 3635
3678 3636
3680 3637
3676 3638
3677 3639
3691 3640
3683 3641
3613 3642
3684 3643
3690 3644
3681 3645
3686 3646
3695 3647
3700 3648
3696 3649
3694 3650
3687 3651
3699 3652
3701 3653
3698 3654
3653 3655
3682 3656
3703 3657
3697 3658
3693 3659
3705 3660
3688 3661
3712 3662
3711 3663
3709 3664
3716 3665
3689 3666
3718 3667
3719 3668
3704 3669
3717 3670
3729 3671
3727 3672
3714 3673
3713 3674
3706 3675
3707 3676
3692 3677
3724 3678
3726 3679
3731 3680
3983 3681
3733 3682
3730 3683
3725 3684
3728 3685
3736 3686
3722 3687
3732 3688
3723 3689
3708 3690
3737 3691
3743 3692
3742 3693
3747 3694
3720 3695
3739 3696
3735 3697
3748 3698
3740 3699
3746 3700
3741 3701
3751 3702
3744 3703
3745 3704
3755 3705
3752 3706
3754 3707
3734 3708
3760 3709
3759 3710
3750 3711
3756 3712
3738 3713
3758 3714
3766 3715
3771 3716
3764 3717
3765 3718
3763 3719
3761 3720
3753 3721
3757 3722
3762 3723
3775 3724
3769 3725
3770 3726
3772 3727
3774 3728
3777 3729
3776 3730
3773 3731
3784 3732
3749 3733
3782 3734
3785 3735
3787 3736
3786 3737
3780 3738
3791 3739
3781 3740
3778 3741
3789 3742
3788 3743
3783 3744
3767 3745
3768 3746
3797 3747
3794 3748
3799 3749
3798 3750
3795 3751
3800 3752
3721 3753
3807 3754
3802 3755
3804 3756
3790 3757
3808 3758
3779 3759
3811 3760
3805 3761
3812 3762
3814 3763
3819 3764
3816 3765
3810 3766
3801 3767
3821 3768
3818 3769
3820 3770
3809 3771
3826 3772
3817 3773
3815 3774
3822 3775
3824 3776
3702 3777
3823 3778
3833 3779
3834 3780
3796 3781
3832 3782
3831 3783
3837 3784
3836 3785
3838 3786
3827 3787
3806 3788
3840 3789
3829 3790
3835 3791
3830 3792
3848 3793
3825 3794
3839 3795
3843 3796
3853 3797
3851 3798
3845 3799
3857 3800
3846 3801
3859 3802
3841 3803
3850 3804
3854 3805
3849 3806
3862 3807
3847 3808
3855 3809
3860 3810
3865 3811
3842 3812
3863 3813
3861 3814
3858 3815
3864 3816
3873 3817
3878 3818
3872 3819
3880 3820
3866 3821
3803 3822
3867 3823
3877 3824
3888 3825
3881 3826
3870 3827
3879 3828
3884 3829
3874 3830
3856 3831
3882 3832
3886 3833
3892 3834
3871 3835
3875 3836
3893 3837
3890 3838
3896 3839
3897 3840
3844 3841
3891 3842
3889 3843
3899 3844
3869 3845
3900 3846
3876 3847
3885 3848
3887 3849
3793 3850
3905 3851
3894 3852
3903 3853
3910 3854
3902 3855
3883 3856
3919 3857
3916 3858
3907 3859
3913 3860
3915 3861
3917 3862
3904 3863
3898 3864
3925 3865
3921 3866
3906 3867
3934 3868
3920 3869
3929 3870
3927 3871
3911 3872
3930 3873
3924 3874
3923 3875
3908 3876
3933 3877
3922 3878
3932 3879
3931 3880
3868 3881
3928 3882
3936 3883
3939 3884
3792 3885
3944 3886
3938 3887
3940 3888
3941 3889
3947 3890
3945 3891
3914 3892
3952 3893
3943 3894
3946 3895
3942 3896
3912 3897
3950 3898
3935 3899
3954 3900
3957 3901
3949 3902
3828 3903
3963 3904
3948 3905
3955 3906
3962 3907
3959 3908
3937 3909
3958 3910
3926 3911
3967 3912
3960 3913
3964 3914
3852 3915
3970 3916
3901 3917
3951 3918
3972 3919
3966 3920
3977 3921
3974 3922
3968 3923
3961 3924
3976 3925
3981 3926
3987 3927
3969 3928
3988 3929
3984 3930
3973 3931
3982 3932
3909 3933
3975 3934
3971 3935
3990 3936
3979 3937
3918 3938
3985 3939
3978 3940
3994 3941
3996 3942
3998 3943
3953 3944
3993 3945
4002 3946
3997 3947
4001 3948
3999 3949
3986 3950
3980 3951
3989 3952
4010 3953
4004 3954
4009 3955
3992 3956
3991 3957
4015 3958
4014 3959
4019 3960
4017 3961
4016 3962
4018 3963
4022 3964
3956 3965
4012 3966
4011 3967
4023 3968
4020 3969
4006 3970
3995 3971
4031 3972
4005 3973
4003 3974
4038 3975
4032 3976
4026 3977
4039 3978
4035 3979
4044 3980
4007 3981
4036 3982
4037 3983
4024 3984
4008 3985
4043 3986
4030 3987
4028 3988
4029 3989
4049 3990
4034 3991
4042 3992
4040 3993
4050 3994
4041 3995
4000 3996
4052 3997
4027 3998
4045 3999
4053 4000
4025 4001
4056 4002
4047 4003
4063 4004
4061 4005
4048 4006
4033 4007
4059 4008
4066 4009
4062 4010
4054 4011
4065 4012
4055 4013
4060 4014
4067 4015
4051 4016
4068 4017
4071 4018
4073 4019
4076 4020
4070 4021
4074 4022
4057 4023
4086 4024
4087 4025
4090 4026
4069 4027
4078 4028
4089 4029
4088 4030
4093 4031
4085 4032
4091 4033
4084 4034
4072 4035
4080 4036
4095 4037
4098 4038
4092 4039
4083 4040
4079 4041
4101 4042
4097 4043
4103 4044
4100 4045
4099 4046
4112 4047
4110 4048
4105 4049
4064 4050
4109 4051
4111 4052
4116 4053
4106 4054
4096 4055
4117 4056
4113 4057
4127 4058
4115 4059
4114 4060
4128 4061
4123 4062
4119 4063
4120 4064
4137 4065
4122 4066
4124 4067
4140 4068
4107 4069
4102 4070
4126 4071
4138 4072
4134 4073
4130 4074
4118 4075
4131 4076
4132 4077
4133 4078
4125 4079
4144 4080
4141 4081
4108 4082
4129 4083
4153 4084
4147 4085
4139 4086
4148 4087
4142 4088
4151 4089
4121 4090
4160 4091
4152 4092
4156 4093
4136 4094
4149 4095
4154 4096
4155 4097
4168 4098
4159 4099
4167 4100
4166 4101
4162 4102
4164 4103
4135 4104
4104 4105
4158 4106
4174 4107
4173 4108
4163 4109
4176 4110
4178 4111
4169 4112
4177 4113
4157 4114
4182 4115
4171 4116
4170 4117
4145 4118
4183 4119
4180 4120
4175 4121
4172 4122
4187 4123
4185 4124
4181 4125
4184 4126
4193 4127
4190 4128
4165 4129
4192 4130
4191 4131
4188 4132
4195 4133
4198 4134
4204 4135
4179 4136
4196 4137
4197 4138
4203 4139
4206 4140
4194 4141
4212 4142
4210 4143
4200 4144
4201 4145
4189 4146
4220 4147
4211 4148
4215 4149
4199 4150
4207 4151
4218 4152
4219 4153
4228 4154
4216 4155
4221 4156
4224 4157
4230 4158
4208 4159
4077 4160
4209 4161
4205 4162
4227 4163
4214 4164
4222 4165
4223 4166
4237 4167
4233 4168
4234 4169
4202 4170
4217 4171
4246 4172
4229 4173
4249 4174
4245 4175
4225 4176
4240 4177
4236 4178
4244 4179
4241 4180
4235 4181
4238 4182
4247 4183
4231 4184
4264 4185
4261 4186
4251 4187
4263 4188
4253 4189
4232 4190
4257 4191
4254 4192
4243 4193
4248 4194
4250 4195
4259 4196
4239 4197
4262 4198
4255 4199
4267 4200
4269 4201
4274 4202
4252 4203
4256 4204
4273 4205
4260 4206
4266 4207
4272 4208
4258 4209
4278 4210
4275 4211
4270 4212
4279 4213
4280 4214
4284 4215
4287 4216
4271 4217
4277 4218
4292 4219
4268 4220
4276 4221
4288 4222
4291 4223
4289 4224
4242 4225
4299 4226
4058 4227
4302 4228
4283 4229
4301 4230
4296 4231
4298 4232
4308 4233
4094 4234
4300 4235
4313 4236
4314 4237
4294 4238
4306 4239
4307 4240
4310 4241
4213 4242
4312 4243
4265 4244
4315 4245
4318 4246
4320 4247
4282 4248
4281 4249
4311 4250
4304 4251
4303 4252
4317 4253
4327 4254
4330 4255
4309 4256
4336 4257
4322 4258
4316 4259
4324 4260
4326 4261
4338 4262
4319 4263
4323 4264
4343 4265
4334 4266
4339 4267
4297 4268
4341 4269
4333 4270
4340 4271
4350 4272
4353 4273
4342 4274
4328 4275
4344 4276
4332 4277
4351 4278
4352 4279
4349 4280
4347 4281
4356 4282
4286 4283
4285 4284
4355 4285
4346 4286
4366 4287
4365 4288
4360 4289
4331 4290
4362 4291
4348 4292
4358 4293
4364 4294
4354 4295
4370 4296
4383 4297
4374 4298
4376 4299
4359 4300
4377 4301
4361 4302
4371 4303
4337 4304
4329 4305
4384 4306
4390 4307
4368 4308
4375 4309
4379 4310
4387 4311
4372 4312
4386 4313
4293 4314
4393 4315
4381 4316
4378 4317
4394 4318
4389 4319
4388 4320
4398 4321
4404 4322
4397 4323
4392 4324
4403 4325
4363 4326
4400 4327
4396 4328
4399 4329
4409 4330
4395 4331
4410 4332
4411 4333
4345 4334
4408 4335
4405 4336
4407 4337
4406 4338
4414 4339
4416 4340
4417 4341
4420 4342
4421 4343
4419 4344
4401 4345
4412 4346
4423 4347
4424 4348
4431 4349
4430 4350
4433 4351
4425 4352
4428 4353
4426 4354
4427 4355
4438 4356
4441 4357
4432 4358
4422 4359
4436 4360
4439 4361
4434 4362
4429 4363
4440 4364
4449 4365
4418 4366
4445 4367
4444 4368
4442 4369
4437 4370
4450 4371
4443 4372
4447 4373
4461 4374
4454 4375
4295 4376
4459 4377
4458 4378
4453 4379
4466 4380
4469 4381
4460 4382
4479 4383
4456 4384
4478 4385
4448 4386
4474 4387
4464 4388
4477 4389
4457 4390
4475 4391
4476 4392
4472 4393
4470 4394
4462 4395
4473 4396
4452 4397
4468 4398
4491 4399
4498 4400
4483 4401
4490 4402
4484 4403
4486 4404
4357 4405
4382 4406
4488 4407
4485 4408
4465 4409
4510 4410
4500 4411
4373 4412
4494 4413
4471 4414
4507 4415
4487 4416
4496 4417
4495 4418
4502 4419
4505 4420
4513 4421
4497 4422
4451 4423
4489 4424
4518 4425
4504 4426
4508 4427
4492 4428
4493 4429
4516 4430
4515 4431
4501 4432
4525 4433
4528 4434
4455 4435
4499 4436
4522 4437
4519 4438
4526 4439
4529 4440
4521 4441
4535 4442
4541 4443
4536 4444
4511 4445
4551 4446
4550 4447
4549 4448
4542 4449
4531 4450
4548 4451
4545 4452
4517 4453
4482 4454
4547 4455
4546 4456
4540 4457
4543 4458
4523 4459
4564 4460
4565 4461
4524 4462
4556 4463
4537 4464
4539 4465
4569 4466
4553 4467
4514 4468
4566 4469
4506 4470
4533 4471
4385 4472
4563 4473
4534 4474
4568 4475
3519 4476
4558 4477
4557 4478
4554 4479
4567 4480
4538 4481
4367 4482
4560 4483
4559 4484
4582 4485
4570 4486
4562 4487
4573 4488
4585 4489
4544 4490
4577 4491
4586 4492
4575 4493
4578 4494
4583 4495
4530 4496
4596 4497
4600 4498
4593 4499
4601 4500
4532 4501
4571 4502
4552 4503
4589 4504
4598 4505
4591 4506
4630 4507
4555 4508
4572 4509
4587 4510
4602 4511
4615 4512
4527 4513
4616 4514
4597 4515
4611 4516
4610 4517
4618 4518
4613 4519
4614 4520
4607 4521
4608 4522
4594 4523
4628 4524
4623 4525
4512 4526
4605 4527
4620 4528
4638 4529
4633 4530
4629 4531
4639 4532
4622 4533
4625 4534
4415 4535
4636 4536
4617 4537
4635 4538
4631 4539
4576 4540
4624 4541
4661 4542
4659 4543
4662 4544
4632 4545
4650 4546
4653 4547
4655 4548
4651 4549
4663 4550
4648 4551
4657 4552
4581 4553
4640 4554
4642 4555
4603 4556
4645 4557
4641 4558
4656 4559
4627 4560
4644 4561
4619 4562
4674 4563
4643 4564
4670 4565
4671 4566
4666 4567
4654 4568
4626 4569
4606 4570
4669 4571
4665 4572
4621 4573
4673 4574
4658 4575
4646 4576
4687 4577
4683 4578
4675 4579
4679 4580
4681 4581
4680 4582
4682 4583
4684 4584
4604 4585
4664 4586
4762 4587
4686 4588
4672 4589
4677 4590
4689 4591
4701 4592
4694 4593
4691 4594
4590 4595
4696 4596
4703 4597
4698 4598
4685 4599
4697 4600
4692 4601
4702 4602
4690 4603
4711 4604
4612 4605
4509 4606
4727 4607
4715 4608
4733 4609
4730 4610
4714 4611
4724 4612
4700 4613
4723 4614
4726 4615
4678 4616
4721 4617
4708 4618
4706 4619
4728 4620
4722 4621
4725 4622
4707 4623
4729 4624
4720 4625
4731 4626
4712 4627
4716 4628
4719 4629
4736 4630
4735 4631
4748 4632
4743 4633
4717 4634
4738 4635
4753 4636
4737 4637
4688 4638
4718 4639
4750 4640
4739 4641
4745 4642
4732 4643
4747 4644
4761 4645
4766 4646
4480 4647
4467 4648
4765 4649
4760 4650
4744 4651
4764 4652
4755 4653
4741 4654
4758 4655
4752 4656
4652 4657
4759 4658
4788 4659
4783 4660
4746 4661
4793 4662
4772 4663
4773 4664
4775 4665
4796 4666
4780 4667
4792 4668
4787 4669
4789 4670
4769 4671
4791 4672
4782 4673
4768 4674
4779 4675
4774 4676
4763 4677
4699 4678
4794 4679
4770 4680
4776 4681
4790 4682
4809 4683
4807 4684
4813 4685
4812 4686
4808 4687
4819 4688
4801 4689
4786 4690
4810 4691
4806 4692
4802 4693
4784 4694
4811 4695
4818 4696
4817 4697
4742 4698
4816 4699
4798 4700
4820 4701
4821 4702
4795 4703
4814 4704
4804 4705
4777 4706
4757 4707
4846 4708
4844 4709
4843 4710
4847 4711
4827 4712
4799 4713
4852 4714
4826 4715
4853 4716
4838 4717
4845 4718
4824 4719
4834 4720
4825 4721
4830 4722
4840 4723
4848 4724
5958 4725
4832 4726
4833 4727
4835 4728
4836 4729
4841 4730
4805 4731
4829 4732
4828 4733
4839 4734
4863 4735
4815 4736
4803 4737
4882 4738
4871 4739
4869 4740
4878 4741
4874 4742
4865 4743
4822 4744
4886 4745
4891 4746
4823 4747
4860 4748
4778 4749
4890 4750
4889 4751
4859 4752
4849 4753
4884 4754
4885 4755
4879 4756
4854 4757
4868 4758
4875 4759
4870 4760
4858 4761
4872 4762
4877 4763
4855 4764
4588 4765
4800 4766
4864 4767
4850 4768
4924 4769
4919 4770
4914 4771
4896 4772
4915 4773
4907 4774
4900 4775
4917 4776
4918 4777
4897 4778
4894 4779
4913 4780
4902 4781
4901 4782
4866 4783
4710 4784
4709 4785
4883 4786
4908 4787
4920 4788
4926 4789
4899 4790
4921 4791
4785 4792
4923 4793
4880 4794
4862 4795
4903 4796
4922 4797
4895 4798
4925 4799
4911 4800
4893 4801
4856 4802
6130 4803
